CLEMSON:

ret:  0.0658380363903
mtx:
[[1.09967068e+03 0.00000000e+00 9.55437721e+02]
 [0.00000000e+00 1.10588290e+03 5.28128416e+02]
 [0.00000000e+00 0.00000000e+00 1.00000000e+00]]
dist:  [[-2.21333859e-02  7.21243070e-01  4.06219785e-03 -2.03063092e-03
  -3.66524347e+00]]
rvecs:  [array([[ 0.23577667],
       [-0.03120129],
       [-0.00370536]])]
tvecs:  [array([[-2.35615119],
       [-6.32434222],
       [28.53335855]])]

CUTRGV:

ret:  0.15126340922
mtx:
[[1.01196491e+03 0.00000000e+00 9.29789320e+02]
 [0.00000000e+00 1.00540935e+03 5.28810188e+02]
 [0.00000000e+00 0.00000000e+00 1.00000000e+00]]
dist:  [[ 0.1308405  -0.49590051 -0.00202674 -0.00609927  0.52786418]]
rvecs:  [array([[-0.37090858],
       [-0.34313051],
       [ 3.07250059]])]
tvecs:  [array([[ 7.56756195],
       [ 1.9747924 ],
       [23.58721666]])]


################# size, fps:  (640, 360) 25.0411041883

ret:  0.139196589833
mtx:
[[961.79613948   0.         928.32878819]
 [  0.         958.03987511 515.32936311]
 [  0.           0.           1.        ]]
dist:  [[ 1.84275154e-01 -1.32626391e+00 -3.51881461e-03 -4.68911042e-03
   4.40806032e+00]]
rvecs:  [array([[-0.35814215],
       [-0.3286866 ],
       [ 3.07903951]])]
tvecs:  [array([[ 7.69765126],
       [ 2.19466305],
       [22.47332104]])]


ret:  0.126274795652
mtx:
[[300.28898734   0.         325.18637453]
 [  0.         295.88439935 191.71969581]
 [  0.           0.           1.        ]]
dist:  [[-7.72219179e-02  6.29631059e-01 -2.14746476e-03  4.58853611e-04
  -1.33174455e+00]]
rvecs:  [array([[ 0.03250692],
       [-0.29930916],
       [ 3.10914197]])]
tvecs:  [array([[ 5.74736747],
       [-1.05211291],
       [17.89003047]])]


################# size, fps:  (960, 540) 25.0411041883

ret:  0.0858176097024
mtx:
[[558.75871829   0.         475.26274208]
 [  0.         560.77975978 270.89641868]
 [  0.           0.           1.        ]]
dist:  [[-6.46294962e-02  6.76750627e-01 -1.87800153e-03 -1.57117505e-04
  -2.31940564e+00]]
rvecs:  [array([[ 0.25559028],
       [ 0.03557914],
       [-0.02041398]])]
tvecs:  [array([[-1.87013519],
       [-4.36992206],
       [21.45244105]])]
